Time: 2020-06-15T09:47:27.975372
Sensor: 0 7170 19.000
Orientation: 2612749.640 1267175.892 256.210 -75.6479 -63.4477 -167.7782
Image: 14.8 2432 1616
DispMap: 14.8 2432 1616 640 0.729308